13470253144	180	180	43147
13509468723	7335	110349	160126
13560439638	918	4938	42967
13568436656	2481	24681	235582
13568436656	1116	954	236536
13590439668	1116	954	30685
13630577991	6960	690	34311
13682846555	1938	2910	46057
13729199489	240	0	33621
13736230513	2481	24681	24681
13768778790	120	120	210901
13846544121	264	0	24681
13956435636	132	1512	26193
13966251146	240	0	26193
13975057813	11058	48243	210781
13992314666	3008	3720	49777
15043685818	3659	3538	37849
15910133277	3156	2936	33621
15959002129	1938	180	38029
18271575951	1527	2106	28299
18390173782	9531	2412	162538
84188413	4116	1432	29731
